T1 = 600;
T2 = 300;
r = 0.02;
b = 0.3;
h = 0.3;
